-25.00 -22.00 0.00 0.00 0.00
-25.00 86.00 0.00 0.00 0.00
-25.00 22.00 0.00 0.00 0.00
-25.00 76.00 0.00 0.00 0.00
-25.00 27.00 0.00 0.00 0.00
-25.00 68.00 -14.00 0.00 0.00
-25.00 6.00 12.00 0.00 0.00
-2.00 6.00 -4.00 0.00 0.00
-2.00 6.00 17.00 0.00 0.00
-2.00 6.00 3.00 -15.00 -2.00
-2.00 6.00 3.00 -1.00 -14.00
-2.00 6.00 -7.00 -1.00 -14.00
-2.00 6.00 16.00 -1.00 -14.00
-2.00 6.00 92.00 -1.00 -14.00
-2.00 6.00 181.00 -1.00 -14.00
-2.00 6.00 270.00 -1.00 -14.00
-2.00 6.00 359.00 -1.00 -14.00

-25.00 -22.00 0.00 0.00 0.00
-25.00 86.00 0.00 0.00 0.00
-25.00 22.00 0.00 0.00 0.00
-25.00 76.00 0.00 0.00 0.00
-25.00 27.00 0.00 0.00 0.00
-25.00 68.00 -14.00 0.00 0.00
-25.00 6.00 12.00 0.00 0.00
-2.00 6.00 -4.00 0.00 0.00
-2.00 6.00 17.00 0.00 0.00
-2.00 6.00 3.00 -15.00 -2.00
-2.00 6.00 3.00 -1.00 -14.00
-2.00 6.00 -7.00 -1.00 -14.00
-2.00 6.00 16.00 -1.00 -14.00
-2.00 6.00 92.00 -1.00 -14.00
-2.00 6.00 181.00 -1.00 -14.00
-2.00 6.00 270.00 -1.00 -14.00
-2.00 6.00 359.00 -1.00 -14.00

-25.00 -22.00 0.00 0.00 0.00
-25.00 86.00 0.00 0.00 0.00
-25.00 22.00 0.00 0.00 0.00
-25.00 76.00 0.00 0.00 0.00
-25.00 27.00 0.00 0.00 0.00
-25.00 68.00 -14.00 0.00 0.00
-25.00 6.00 12.00 0.00 0.00
-2.00 6.00 -4.00 0.00 0.00
-2.00 6.00 17.00 0.00 0.00
-2.00 6.00 3.00 -15.00 -2.00
-2.00 6.00 3.00 -1.00 -14.00
-2.00 6.00 -7.00 -1.00 -14.00
-2.00 6.00 16.00 -1.00 -14.00
-2.00 6.00 92.00 -1.00 -14.00
-2.00 6.00 181.00 -1.00 -14.00
-2.00 6.00 270.00 -1.00 -14.00
-2.00 6.00 359.00 -1.00 -14.00

-25.00 -22.00 0.00 0.00 0.00
-25.00 86.00 0.00 0.00 0.00
-25.00 22.00 0.00 0.00 0.00
-25.00 76.00 0.00 0.00 0.00
-25.00 27.00 0.00 0.00 0.00
-25.00 68.00 -14.00 0.00 0.00
-25.00 6.00 12.00 0.00 0.00
-2.00 6.00 -4.00 0.00 0.00
-2.00 6.00 17.00 0.00 0.00
-2.00 6.00 3.00 -15.00 -2.00
-2.00 6.00 3.00 -1.00 -14.00
-2.00 6.00 -7.00 -1.00 -14.00
-2.00 6.00 16.00 -1.00 -14.00
-2.00 6.00 92.00 -1.00 -14.00
-2.00 6.00 181.00 -1.00 -14.00
-2.00 6.00 270.00 -1.00 -14.00
-2.00 6.00 359.00 -1.00 -14.00

-25.00 -22.00 0.00 0.00 0.00
-25.00 86.00 0.00 0.00 0.00
-25.00 22.00 0.00 0.00 0.00
-25.00 76.00 0.00 0.00 0.00
-25.00 27.00 0.00 0.00 0.00
-25.00 68.00 -14.00 0.00 0.00
-25.00 6.00 12.00 0.00 0.00
-2.00 6.00 -4.00 0.00 0.00
-2.00 6.00 17.00 0.00 0.00
-2.00 6.00 3.00 -15.00 -2.00
-2.00 6.00 3.00 -1.00 -14.00
-2.00 6.00 -7.00 -1.00 -14.00
-2.00 6.00 16.00 -1.00 -14.00
-2.00 6.00 92.00 -1.00 -14.00
-2.00 6.00 181.00 -1.00 -14.00
-2.00 6.00 270.00 -1.00 -14.00
-2.00 6.00 359.00 -1.00 -14.00

-25.00 -22.00 0.00 0.00 0.00
-25.00 86.00 0.00 0.00 0.00
-25.00 22.00 0.00 0.00 0.00
-25.00 76.00 0.00 0.00 0.00
-25.00 27.00 0.00 0.00 0.00
-25.00 68.00 -14.00 0.00 0.00
-25.00 6.00 12.00 0.00 0.00
-2.00 6.00 -4.00 0.00 0.00
-2.00 6.00 17.00 0.00 0.00
1.00 1.00 1.00 1.00 1.00
